0 0.6892085045560121 0.06052349472931928 0.045857900065511305 0.03484009290691442
0 0.7328996564747859 0.39382864544781643 0.00849323388183483 0.005978477481068189
0 0.3986608408733534 0.3149734649292398 0.015305596370479235 0.01190211507230689
0 0.25915371329879106 0.4330472797927461 0.011917098445595865 0.011819948186528498
0 0.3325777202072539 0.414119170984456 0.010492227979274592 0.01075129533678758
0 0.31375186363072544 0.429384666329035 0.010160720292143459 0.007937590089212689
0 0.47499327837550864 0.4390781576824751 0.008544437912696351 0.006664661571903192
0 0.4330038339519103 0.528527266380039 0.0266416786094881 0.024689486642413525
0 0.2957494612316016 0.6336174285845293 0.02789368303605546 0.028944472465495925
0 0.26499532239493384 0.6528092616580312 0.025861758779504862 0.02681751943005196
0 0.22199796494892288 0.7042766196730529 0.02091952176299691 0.02334618628750451
0 0.15898636368767427 0.8578050391140912 0.01333434928375495 0.01095321548308433
0 0.274252243401837 0.7967984978846793 0.013732418542990395 0.012676078655068113
0 0.17601927179799778 0.7167198086887206 0.009378003891871607 0.007546362506740476
0 0.2576427309895299 0.7309834313983783 0.0162222027067904 0.02085711776587339
0 0.17692966068158184 0.7384915193403215 0.015338505477380313 0.015185120422606526
0 0.37486315473296894 0.8266130944617682 0.007904419756306728 0.015858242136090293
0 0.6460109746644364 0.8178725878177145 0.012834373682564317 0.009052058259556937
0 0.6707062628229649 0.4781357582501652 0.01628588981233546 0.013214173940258022
0 0.7488410144532315 0.5228327145084712 0.007982957260295756 0.006074622586757881
0 0.7907183083153364 0.7900054657435633 0.014738251613801443 0.010053857570721431