0 0.34320075180331194 0.2517652138575638 0.019895695756713756 0.015715483084425507
0 0.39297620482100537 0.1829975212159813 0.014201366773965893 0.009037233401614659
0 0.578730942324265 0.2112422997946612 0.022608547626900486 0.013698120032769092
0 0.6496688241075115 0.4672153312049685 0.03430970615771997 0.022025086791926208
0 0.595732802986689 0.4120980966835889 0.038089589039502686 0.028240086530242
0 0.5976227444275805 0.38287669440519184 0.02442385862074982 0.02278833237382455
0 0.8195987632533778 0.5898706075023649 0.01847119669824421 0.013765159322895378
0 0.7084857624942139 0.663860103626943 0.02165116244344568 0.012412088814561548
0 0.8121441821787244 0.6345710995970064 0.025746817629373732 0.018710420264824425
0 0.8310145205654704 0.6541810592976397 0.022868291434785425 0.019310113222030374
0 0.7305819420456726 0.7066691853770869 0.016191709844559584 0.01403281519861821
0 0.7710612166570716 0.6683038284398388 0.019190174630589096 0.017541018998272907
0 0.6133042259985265 0.7305337149896735 0.015248137009795099 0.014946193702670398
0 0.6637112751949475 0.5193241659725261 0.013059253716593014 0.010853298696898269
0 0.6338867633286743 0.5133680874193504 0.01552992333865115 0.01305925371659299
0 0.16224446735664289 0.611695879719659 0.01914183665922747 0.011909267694235247
0 0.2039655524844693 0.6307268105831015 0.013034835598136021 0.007887556768190227
0 0.073110574318358 0.651534199585133 0.009578458047850378 0.005724625317660571
0 0.10612588332795586 0.6642752756742394 0.010438611474880904 0.005693788077207746
0 0.2029062103809407 0.6922029691289863 0.009909680342025544 0.005308757326085076
0 0.24486505532118372 0.6742711666053209 0.009201846031880838 0.004836867785988654
0 0.5825615709953355 0.8488229774387009 0.03841812519549046 0.0183591040757212
0 0.611120177335346 0.8350536493819101 0.02005902111976931 0.012749377830361924
0 0.7830096014537238 0.8222994376642193 0.025170051322348508 0.012891977506568791
0 0.39060266044447495 0.5339382527536629 0.007720550389458901 0.00782778025597919
0 0.49639319650671004 0.601553488712719 0.011442904483787762 0.007323458869624175
0 0.49776634504476464 0.6130536077189256 0.012968625081626058 0.0078956040938135
0 0.2917018114632285 0.6385238432341246 0.008284130618146746 0.005083443788408264
0 0.9404145077720207 0.6677375920370875 0.011930733569675639 0.010141123534224146
0 0.9056449413689662 0.6754499590946277 0.012157985637669292 0.00954458685574051
0 0.8481217616580311 0.549924438687392 0.02643262034453735 0.02148515344758867
0 0.8762339370315793 0.3869056107493148 0.015845098318835005 0.010497377636228261
0 0.3371738932824289 0.3234080992637033 0.008067448413780537 0.006647122988819222
0 0.280068278193316 0.4935636378298825 0.00907239773391666 0.00907239773391666
0 0.4905122261612581 0.8220275429506407 0.011135351331697067 0.007158440141805384
0 0.2357187082477922 0.2771531919053671 0.009694658976113681 0.005743474435428691
0 0.3357001803311998 0.7376073891344102 0.007540257035456635 0.005119437671441616
0 0.8397870503068386 0.7879678370631684 0.014469187520670314 0.013263421893947755
0 0.725206123036434 0.7435503022452506 0.008095854922279792 0.006168270416975003