0 0.2839126071884693 0.7535247851339805 0.018529921547162927 0.03953560275399345
0 0.2597213743047076 0.6726105684439018 0.007101309184642547 0.012294803961470592
0 0.3113825658468516 0.7082243153671725 0.009266527123669968 0.023257166114308888
0 0.31602769945697573 0.7593854427736006 0.01664317042606518 0.024584029518240052
0 0.4000516195638147 0.8702090592334496 0.015324558007484827 0.022045855379188663
0 0.5083265499932166 0.7046194546194545 0.011870845204178467 0.015262515262515274
0 0.5944482357698917 0.731797425268763 0.010742088767566469 0.015375930981026619
0 0.5891058346415489 0.5884862492005349 0.007631257631257674 0.010175010175010157
0 0.6110457003314147 0.5500574161288447 0.011446886446886455 0.019441537298680183
0 0.6404687356638225 0.4644462794751812 0.009605239012753513 0.014909624736214372
0 0.3014346764346764 0.5214402000116286 0.009266527123669968 0.019986627129484263
0 0.2918169793169793 0.38726551226551226 0.007365319865319877 0.010221260221260173
0 0.24942214858451972 0.37113402061855666 0.004602356406480108 0.008693339878906923
0 0.3237315759637188 0.27350639329806 0.01446759259259263 0.01988063744016128
0 0.3241083168967785 0.31900222284837665 0.008952052221282992 0.01232741617357
0 0.2560814298619177 0.3009151718501312 0.012098335269066998 0.022852411063793182
0 0.2386396631823461 0.27187916720437044 0.01068686282100917 0.01747537316643005
0 0.38245743454076786 0.3251763668430335 0.005405474155474163 0.007348618459729554
0 0.472961801086801 0.3044711378044711 0.0068148505648505334 0.009533342866676196
0 0.6614764289120512 0.2099030360832936 0.01181534845697932 0.01703113291096123
0 0.7099788232600732 0.2129269264685932 0.00707481176231167 0.010175010175010196
0 0.5023944569101636 0.20454513975456384 0.005713454666334263 0.008137344524779069