0 0.4344304009482581 0.5642049749192606 0.02013115852401569 0.01610492681921257
0 0.27506038647342995 0.825655624568668 0.030408902691511405 0.023867034736599877
0 0.2090818497068497 0.6188480146813479 0.013741419991419994 0.014151055817722503
0 0.2488509432953877 0.7083622824363565 0.013027096360429697 0.012693068248623788
0 0.3888491053669625 0.5241573902288188 0.007238511702797362 0.009877688449117017
0 0.3871818421378968 0.7900338955026455 0.012691437251984126 0.013692542989417989
0 0.46687216553287986 0.8383138969873662 0.004859086491739576 0.007018680488068151
0 0.29007671516018757 0.705037496356361 0.005465458303521733 0.006403971345540628
0 0.08632240775097919 0.8244495489393449 0.0067180551874429315 0.009080111120927542
0 0.31000230125053324 0.7675671478712498 0.01108529220268966 0.008653076191973
0 0.5247675368848838 0.3605049523416871 0.0063959566510586935 0.010429857368632892
0 0.44386372435152927 0.42536671398460024 0.006170150987224185 0.007205230782466618
0 0.4647882727652465 0.5299707602339181 0.0069836048454470015 0.009398496240601508
0 0.5147422022422021 0.8131914381914381 0.012487512487512486 0.017343767343767337
0 0.7081052784963751 0.5631267765322091 0.0036179377854428443 0.0067867522595892954
0 0.7278614769220981 0.535785857429144 0.004622339917931173 0.009277814889037351
0 0.7876131757396673 0.2017495675013575 0.0047353865969616965 0.005919233246202195
0 0.8718565138253166 0.1881240129553789 0.004684279557803987 0.007305245500861044
0 0.3354395770653941 0.550714112805616 0.008969637237611107 0.009654067388272182
0 0.28301650521319643 0.5549525365701836 0.006200396825396825 0.007618788256043146
0 0.38607390873015873 0.6473710317460317 0.005381944444444456 0.0067129629629629475
0 0.3703869047619048 0.6841104497354498 0.005109126984127018 0.008035714285714346
0 0.08928571428571429 0.74619708994709 0.005307539682539677 0.007407407407407287
0 0.06940724206349207 0.78817791005291 0.004340277777777778 0.006779100529100529
0 0.6901661706349206 0.33156415343915346 0.0042410714285715185 0.006977513227513235
0 0.5960270596122609 0.6327180177626606 0.006337471454302876 0.012203955656336616
0 0.538796768707483 0.6424657164453083 0.003948007774538392 0.005938883489903901