0 0.4944027546167624 0.2718524180100056 0.008106355382619978 0.008685380767092833
0 0.4841089700039116 0.3368962695324563 0.012995903073724101 0.0104224569205114
0 0.47130607539167857 0.2891266753134458 0.0077203384596380995 0.008878389228583791
0 0.5585458999855887 0.3202975418442344 0.007720338459638024 0.005790253844728575
0 0.6104676104676106 0.35878512441012445 0.006524381524381547 0.008110789360789362
0 0.6169473044473044 0.3693090411840412 0.0039325039325040015 0.00837891462891462
0 0.5389122628078451 0.30218493019697834 0.022577080810012577 0.012749410339771774
0 0.47490153320824247 0.4471813352604088 0.01711547238703785 0.015134514934834453
0 0.5638820379856235 0.4790856415607411 0.018444739560277396 0.011363277050528038
0 0.6182281456185839 0.49484601277429957 0.007509643963827265 0.011264465945740841
0 0.5259189843737949 0.3153980980147161 0.011954895336819534 0.007664630478041587
0 0.4779541446208112 0.32101487693592956 0.004551978236188765 0.005154445943919623
0 0.5450101955139738 0.2714430650513774 0.0061639545266749555 0.005372636040142314
0 0.5027701598382226 0.5535233836117344 0.011600044322557445 0.008375405135876375
0 0.6245356298547788 0.5468662051108861 0.00891215430222521 0.018117471574918394
0 0.5201732150401353 0.5327626139175569 0.012070734504194566 0.008015722131691718
0 0.4985693984494944 0.3129044383540786 0.006819940872698636 0.005709717939933816
0 0.5125502008032129 0.44959998725058964 0.010757314974182449 0.007968381462357324
0 0.5051794479505323 0.40253673423854147 0.00796838146235738 0.005876681328488579
0 0.5426799072119268 0.6444112127609664 0.018733547058670207 0.014050160294002599
0 0.48265110641957937 0.6770931073578855 0.017919045012641098 0.01441668621471581
0 0.5035023587979254 0.618265697083431 0.026064065472932423 0.017715419501133818
0 0.5800655511246644 0.6394020251778871 0.009774024552349696 0.010140550473062757
0 0.5892694242447937 0.6034213972945499 0.016778742148200267 0.011728829462819635
0 0.6001837516615841 0.6186322230041441 0.01417233560090704 0.011117952928297802
0 0.6021385565720541 0.6346371882086167 0.01612714051137698 0.012584056611150201
0 0.6010797039122162 0.6447777386816795 0.009122422915526333 0.006719641879740383
0 0.5737124351656372 0.6596220384705606 0.008145020460291402 0.00610876534521855
0 0.49714924283889794 0.5971293689889748 0.010751427007584628 0.007452693721166582
0 0.5768889931451509 0.6852788529204785 0.015149738056141972 0.01075142700758459
0 0.6101206766231397 0.6924871960278364 0.006353115959027283 0.006597466572836016
0 0.5668706179789923 0.6490538744233325 0.006190215549821462 0.005497888810696718
0 0.5664633669559778 0.7181440104777542 0.006353115959027283 0.006597466572836016
0 0.5109143274167904 0.7338435374149659 0.020688351969140147 0.018937172570177484
0 0.5627981077488466 0.755285303776683 0.01009982537076134 0.006841817186644749
0 0.35865762075439495 0.6679427483358936 0.008800563236047073 0.010600678443420324
0 0.42746711324692976 0.5524473933304207 0.007078944387812887 0.006219358283578529
0 0.6204011697271502 0.5957110274665423 0.008348246706089845 0.00741616090880799
0 0.6048238027404694 0.5458670380545381 0.0058294329127662305 0.00588242775742776
0 0.5235145860145859 0.7534320034320033 0.017130225463558774 0.011395323895323864
0 0.553522437781697 0.7429453262786596 0.013105036253184455 0.01083921222810117
0 0.5421320791691162 0.7432668283362727 0.012125220458553741 0.01037992357436799
0 0.5692137320044297 0.7417193460071366 0.01922603666789712 0.013842746400885945
0 0.5028754511370406 0.7567621281404393 0.02617032832264623 0.012647167034584317
0 0.4956525168681132 0.7662757572447939 0.01896145818164169 0.008532656181738759
0 0.5028935185185185 0.8050078538359788 0.0162588183421517 0.01405423280423288
0 0.4785215011930698 0.723197265017118 0.011022927689594406 0.008145619358854689
0 0.41771256306140025 0.6000715208564045 0.005895984578155134 0.0068252430171035095
0 0.3947694926377097 0.6152120247323735 0.007946761822730812 0.007113633567121901
0 0.4431514848181515 0.39537305162305153 0.005958339291672613 0.012065637065637036
0 0.6074010257124293 0.4058518692564745 0.008702311333890265 0.007179406850459446
0 0.2851174345076784 0.8256266937669376 0.01984126984126984 0.01584881920247776
0 0.5247683857121608 0.791194540065022 0.016069569282420704 0.015637948619876336
0 0.5492711587089096 0.7942822878816853 0.008233994177769263 0.007669567157518956
0 0.5739380653695169 0.7791998687916026 0.010800691244239657 0.0125008000512033
0 0.47845043757366024 0.659799800646957 0.006895859976428676 0.006464868727901842
0 0.5416479484875711 0.673494122491764 0.007955226115603517 0.006551362683438134
0 0.5007746790615316 0.8571863340289635 0.01133034001559899 0.010869221526592001
0 0.5249036514468612 0.8497483098177543 0.012043569142334535 0.014237948265726039
0 0.5613405513096871 0.8546473887909073 0.007348618459729554 0.011788408779149483
0 0.36556820795951234 0.7943696802392455 0.024442144007361437 0.011741814278046209
0 0.41386115378050864 0.7091467187233316 0.013156397564999705 0.010000640040962662
0 0.6035323965651834 0.7522849986989331 0.005963223176337878 0.011140385115794967
0 0.3542504649452879 0.6820774404221271 0.005136023528394083 0.00783919380649633
0 0.4470214380572946 0.6933081167393916 0.007114399544678406 0.007608455068614536
0 0.6055544249988695 0.5727089268755935 0.009609731831954066 0.00985704110704113
0 0.5427948957360722 0.6895680147058824 0.014832321817615905 0.012947887488328732
0 0.4886831275720165 0.9491774140211641 0.015615814226925321 0.0182567239858907
0 0.5645777178796046 0.7046130952380952 0.01076295297993406 0.01052897574123993
0 0.41816117058365115 0.6632771164021163 0.0060241581559410855 0.00442198843361635
0 0.5244775632055229 0.49403262564471634 0.004581317553609785 0.004373075846627517
0 0.6185688317590158 0.415730901256208 0.004260395364689858 0.016356875060862777
0 0.6133954945304638 0.45426465576005454 0.006086279092414018 0.011107459343655647
0 0.6184166747817055 0.47438741600934853 0.002130197682344929 0.005553729671827824
0 0.5340202713668971 0.4816148724315902 0.005984841107540529 0.004640787807965743
0 0.4755211560767116 0.48826951951951947 0.0042701431590320155 0.0037239620572953364
0 0.35446540398231224 0.7177483513534239 0.01597525752115126 0.02552047389003918
0 0.5148262342506946 0.9612845437935366 0.007137147424917172 0.013382151421719782
0 0.4634256922242789 0.5918009282629424 0.010750275767943577 0.007011049413876319
0 0.6184916418980163 0.6094668943274522 0.0064556588460971 0.012054954784038466
0 0.6116504617427126 0.6428608036080361 0.005491126339834818 0.008877320916066344
0 0.4085349986989331 0.7363469294821753 0.007372712290745127 0.00463505074160813
0 0.48172514619883045 0.3589137774993038 0.009717580989510836 0.00859353244221668
0 0.4420683911424652 0.6612378747795415 0.010410542817950239 0.007991622574955896
0 0.5277490223142397 0.7105115596963423 0.005559389617360616 0.0045289855072462885
0 0.5656889586153152 0.26510589700996673 0.006536852467084967 0.006921373200442973
0 0.4602621260987795 0.37676674255359516 0.008563629081557354 0.0063239107063808205
0 0.462585639668973 0.4430437907000407 0.004133597883597883 0.003736136548636543
0 0.5283766732499451 0.6215506363835859 0.006933777095067427 0.00485745373418189