0 0.5267921214639122 0.3621629374641422 0.02348736639347357 0.02033343457865075
0 0.5173499641198022 0.34739799534271537 0.019238395588624106 0.013583746751712733
0 0.5506925822411906 0.31761499780635144 0.027382256297918926 0.018139786034895855
0 0.5728701941678577 0.4100395825836632 0.018556098639482654 0.014040880835961618
0 0.5946341290083146 0.4119446267171856 0.016483342940391447 0.012065279512308716
0 0.625083897254487 0.4123326912629031 0.015792424374027773 0.012276951082700086
0 0.6680426964107798 0.4195492150348511 0.02475638502102013 0.01747986016111875
0 0.5909637675876649 0.457766052157297 0.01731428154844352 0.014005602240896359
0 0.4630866384989324 0.41901108269394716 0.01911922826465559 0.01664433889497829
0 0.5009874042302774 0.4403371456886004 0.01938028360286544 0.014460657909373165
0 0.307742792285004 0.3942266561797132 0.025672900227002488 0.020421961888203517
0 0.28229423731074504 0.3118928422432803 0.031889881944907654 0.018922462602062123
0 0.4172519502608178 0.44597108916559325 0.030783332139602392 0.023615285530270532
0 0.6323871914874828 0.5047342880814297 0.028284913241202664 0.021402927368130334
0 0.5209024385798644 0.44124975571624 0.016175184078151175 0.011725620480750449
0 0.7889200406198948 0.6005049907286857 0.03587354850103754 0.031463289541168615
0 0.608390636060269 0.7965874521851752 0.05646003977483405 0.03147495557362733
0 0.5526222709240713 0.800116506779703 0.04837434460565368 0.025160506680548315
0 0.5834227025243359 0.8303110717971398 0.054858934169279 0.02978033318590593
0 0.5368203437466219 0.8549454264464408 0.04205626418765537 0.02173283106345984
0 0.438996089812466 0.8400391958903702 0.022569425213509502 0.014253051043739024
0 0.6939313443172705 0.5122549019607843 0.018225559524677363 0.01481988144094848
0 0.2737329042638777 0.9405443593366548 0.024273864676672117 0.015740809598175566
0 0.31352470385885095 0.9494682828883765 0.028608483368935 0.016484469894152406
0 0.3331171803478792 0.9391190104360327 0.029995561350459127 0.014873205919536026
0 0.40238438705023993 0.937755633226742 0.02704802063972041 0.01536897945018721
0 0.4420009201108412 0.9099817401363276 0.0270148822579092 0.013097389126298993
0 0.4005867152418876 0.49663108486637897 0.024887740404981797 0.01892648951472485
0 0.33564089167537436 0.49515190691661276 0.024616188409291858 0.02070913835619714
0 0.40155335068314896 0.5294381903704878 0.028649375998107306 0.020347761746207914
0 0.505759276809798 0.5550995592035264 0.037969915676411274 0.029096910081862146
0 0.5030868146631694 0.5951237637912307 0.027989252127183124 0.02206596924484087
0 0.4597397390099876 0.5092284976005905 0.02369322738208059 0.020954118081341077
0 0.5325270411477308 0.5396152454975984 0.02082803806941731 0.019347078170607556
0 0.5132875822530995 0.5321708262884733 0.021651745789676793 0.01943119590178416
0 0.5282887034029535 0.5763670930219477 0.031159119235562943 0.026436277322173896
0 0.5511859349624202 0.5720360433329958 0.0228185469149325 0.019349105103888955
0 0.3875169523555437 0.5502413731450027 0.023900042241935097 0.01758150068538058
0 0.45747897288315603 0.5975340956054552 0.01862891207153501 0.016454669299413843
0 0.7458735845435353 0.9084490939232834 0.034386795470539334 0.022180300691705304
0 0.7043695221035122 0.8942719945120905 0.0271895592092637 0.016006402561024338
0 0.6836574755293966 0.9005602240896358 0.025110357622672885 0.012119133367632814
0 0.6448368557656655 0.9581336578784144 0.0476118245862406 0.022950849385333972
0 0.6574933687002652 0.4582824582824583 0.042701551322240947 0.020469726352079297
0 0.8428461583959306 0.3696950478304529 0.018483468385875564 0.022990328206754406
0 0.5688097821718511 0.5584284996049702 0.018336548508962314 0.012210012210012163
0 0.6141717916198042 0.5434387495456198 0.03963363564574412 0.026514422562918322
0 0.5969264895705654 0.5215511810260436 0.019117918234968733 0.018609519932540473
0 0.29327962868460056 0.436703363515949 0.03553984107312093 0.02247410592143833
0 0.3381263913497796 0.44182600576462466 0.012948071418836013 0.010230179028133047
0 0.7089650033403566 0.5601092896174864 0.02248316974150782 0.015612802498048377
0 0.6717071791972866 0.5467465674794508 0.024281823320828382 0.018827203012352477
0 0.7457626467514905 0.4474446641401658 0.01555873132952242 0.01407425715384193
0 0.5089578214578215 0.5177909001438412 0.014650230167471565 0.01078809902339315
0 0.48468786184303436 0.5222386251798017 0.027535372362958544 0.016402957579428185
0 0.5005524993370007 0.4282098956719347 0.012749984700018344 0.01026874958226245
0 0.542955580528775 0.4537286612758311 0.010646477790264366 0.008667617990592427
0 0.3124411533391673 0.48648434638873217 0.016477065033175687 0.012867337747819957
0 0.39389025109407494 0.4733477549435616 0.023976535584592888 0.027955736750145635
0 0.3585352466530109 0.5429269180596427 0.023058293629686626 0.019415708521675838
0 0.3297477450969297 0.5260898583260019 0.020087593223408005 0.014460657909373103
0 0.2877917102055033 0.5012060379707439 0.023510971786833857 0.021864301276065947
0 0.4843989757782861 0.484349896114602 0.03730219247460623 0.03179650238473769
0 0.7211021581431142 0.25108454934320296 0.0241899890225547 0.01415728746372193
0 0.9077314311304456 0.36554621848739494 0.010076130765785963 0.011547476133310452
0 0.9100161093695577 0.33531746031746035 0.01186433298502266 0.01159352629940866
0 0.8614881389092687 0.34904742038659436 0.015562818204050914 0.019866102469356575
0 0.03531691040940708 0.7005806614491289 0.01984474013480969 0.010939998316923395
0 0.48763497039359105 0.5818172386799838 0.02216522592698142 0.01659923228550682
0 0.48156592043739377 0.5638032990974168 0.023484584613111304 0.021126295636099586
0 0.4381997313031796 0.54593837535014 0.015450067174205067 0.013045218087234857
0 0.4504565898868748 0.6208947347054763 0.03316523556403615 0.020866317541509253
0 0.5399580615097856 0.6173063820122644 0.01768618147928487 0.013021424786130723
0 0.600252500158095 0.5969898045673601 0.015244866432385125 0.011866418036955413
0 0.42377800998490645 0.5346603287779759 0.015568432496332269 0.011694913655697983
0 0.39294832433829946 0.6170261919200669 0.05716155511747405 0.029888243957376704
0 0.39838478295520957 0.6993899254617102 0.04067929440518567 0.039524284289987124
0 0.5075547261038201 0.7236030005222428 0.021584931725200596 0.013412144518824482
0 0.4405584187875245 0.6560081659782556 0.04632458424100739 0.029910269192422793
0 0.5168528505392912 0.6463941508806913 0.017932097125551258 0.013293452974410033
0 0.45168296052282014 0.6953544129516215 0.030717018224323937 0.01887195556188581
0 0.4915320652462674 0.6415277975597019 0.051969874076829105 0.030385035370080218
0 0.37807391125154555 0.5897251330811208 0.032159762205098114 0.020199314785675198
0 0.46164289814119824 0.5551840454491656 0.01269371716190556 0.013808340237503462
0 0.4239125988060061 0.5885695567009619 0.04150547832216703 0.016579424132421493
0 0.3943222031856712 0.5689483430603745 0.009632577939713153 0.006885809216287946
0 0.41555128272270897 0.5723243951518554 0.01543082873837545 0.010562697632752386
0 0.5827689174656202 0.6146517000960967 0.021451616593826474 0.013801140894313875
0 0.41635743323327096 0.8138591125496135 0.0315695027526391 0.024447941720858023
0 0.44924233193393664 0.8133147251833596 0.04500038769564781 0.03424691431342856
0 0.48053490922383324 0.7966366758717622 0.014815512256720897 0.009798972592570659
0 0.3643409011747569 0.7711050750266436 0.024935879167854086 0.014524328249818412
0 0.40504311664186277 0.7825642041328316 0.015568432496332224 0.009337068160597616
0 0.44772437013816324 0.9316271963330787 0.03232428781018121 0.020560412717275475
0 0.6214556234840211 0.6551389786683905 0.05709300841146677 0.040559210109383105
0 0.5763308699414176 0.638344930732474 0.035993418346359475 0.028771689671343578
0 0.5923235721385427 0.950194712031154 0.018350026760455666 0.014210562273690032
0 0.6362871779188012 0.939331830293093 0.021026072329688845 0.014347202295552438
0 0.40104138993677274 0.9795613160518446 0.03005286647893304 0.018515880928642585
0 0.301524131400209 0.8283730158730159 0.02632739028213166 0.018674136321195103
0 0.4766620068344206 0.8309990662931838 0.022769634838600363 0.008832361773538243
0 0.5286438476093648 0.8276553864789157 0.03565477703408743 0.012996189466777741
0 0.5285170494530099 0.8110387011947636 0.021591708783827 0.016235065454753332
0 0.55189921963583 0.7397341915489601 0.08587340759020881 0.03426902675964009
0 0.5987375937892556 0.723988512372458 0.03833618143340533 0.030640415010769657
0 0.4462029122783278 0.7934795021125957 0.016256587206723686 0.00879968294272138
0 0.4512772227359178 0.7732267967138895 0.03692970388579415 0.027675338720620134
0 0.401804625942557 0.8309485956544781 0.029653477929339978 0.012718600953895076
0 0.43540116378058424 0.9541708057024728 0.015273368253427698 0.009128251939753565
0 0.1540621734587252 0.9205415499533146 0.016065830721003135 0.014192343604108268
0 0.14891430408671788 0.8172499769138425 0.013635789497858476 0.008208411569756142
0 0.17331519055656988 0.8299217122746534 0.026840975116837196 0.0216496855152317
0 0.40093071413861747 0.9610092212067308 0.01558817472484726 0.011143143388742354
0 0.30454145024369034 0.9729702099818028 0.011297851406081964 0.007667300496841028
0 0.350583893356836 0.9633885503083023 0.013395495107514492 0.008412310611145519
0 0.4069009982436248 0.9149830144823888 0.012366882322861749 0.008244432524783029
0 0.3842515396073723 0.9144366966644814 0.011811067387002844 0.006555813814887643
0 0.314458344769802 0.9195871897145955 0.024377735723675676 0.012908389162116474
0 0.26799708911777875 0.8248222365869424 0.016039994488270325 0.008387970572844492
0 0.15755631285550148 0.7573529411764706 0.017959474602476596 0.014130652260904325
0 0.6908932339631387 0.6685031989449478 0.04741836722247295 0.03455078529466257
0 0.48587537060750685 0.7502080280290397 0.06729172102494076 0.05430765160680474
0 0.4556315592203898 0.7551074777737182 0.013629548861932609 0.009819145049323961
0 0.48178463048464143 0.7039493113539346 0.025914649413602827 0.021299254526091608
0 0.5051093413162379 0.8100958100958102 0.0208280380694174 0.01354295471942529
0 0.5173262564648099 0.7085166196442475 0.0500775211344115 0.024370759133978515
0 0.494656597321174 0.6908287790640733 0.013015980884319413 0.012046776752659123
0 0.5164825595860079 0.6838513183050997 0.01542518783898091 0.01520608243297317
0 0.5664547321665472 0.6952310704846203 0.03525417399593159 0.02098645100673497
0 0.5016489648041598 0.6681856416035802 0.07131295469582871 0.028419531077737197
0 0.5564263322884012 0.685652038593215 0.010231626610936946 0.009025832555244306
0 0.602305381400209 0.6794662309368191 0.0157828282828283 0.011593526299408595
0 0.5699233716475095 0.6723856209150326 0.04353883664228491 0.014394646747587867
0 0.581515586903518 0.6843292872704637 0.01425896900034832 0.010426392779333942
0 0.6199694992798441 0.6957756075403134 0.05146996526306867 0.025361495949731333
0 0.5536663486438599 0.9077609304591401 0.06175889328063244 0.02527097795639987
0 0.7417566469290606 0.8418923124805479 0.01596424010217119 0.00892208735345987
0 0.6556948798328109 0.8042016806722689 0.054684778822709806 0.030376595082477535
0 0.6908292856568718 0.7804147299945619 0.04736642667677148 0.031191963965073163
0 0.6917622607277779 0.8052451749930742 0.020812520812520788 0.009234463015975629
0 0.6316228994295698 0.8205675712908115 0.013232951333573148 0.006796161087385797
0 0.6442777121126471 0.8379253340680535 0.01567398119122257 0.011388161822105886
0 0.724685576160441 0.6929117028337439 0.015422190328712946 0.009562057754828856
0 0.6017801613979428 0.7636146828209196 0.12085961400460776 0.029923616032758463
0 0.5594235919367228 0.7727196839000501 0.015699931491208016 0.009831747268443745
0 0.5941969939172497 0.7526851800322778 0.016997446490481415 0.010202756599328469
0 0.7334307713429283 0.7947821464352164 0.04962473972038537 0.020139442638369205
0 0.7316431366267762 0.7384530454517573 0.02288172436674827 0.020548365331534046
0 0.7587436789236436 0.758388026743544 0.011297851406081876 0.009302991269500512
0 0.7449431389149486 0.751385225623096 0.012870969956295974 0.010631990022286337
0 0.716126467290575 0.7507207262467029 0.045906459510788755 0.016663599746467878
0 0.7102630254215957 0.7588480647733546 0.011583872960666305 0.00715614713038501
0 0.7438783786746168 0.7808857808857809 0.017400311287458642 0.010773540185304794
0 0.6741058076808046 0.7552137462758955 0.033923369185949896 0.018410190931496293
0 0.6107728478418133 0.8518022593652846 0.04392159564573352 0.017083756579554816
0 0.7002910882221226 0.7307208597724804 0.03854519864372087 0.020693991882467153
0 0.6567767539554373 0.7448386762112252 0.014512945547428274 0.00877118524177344
0 0.6538107041314739 0.723252091534288 0.06365927576833748 0.0329434099221084
0 0.6882666365424986 0.7030139383080559 0.030830203243996396 0.021786492374727684
0 0.741358241827751 0.7032970050765405 0.01677775706768823 0.014515610165634818
0 0.7509768643207205 0.6843906576715192 0.028146938054660217 0.016570008285004153
0 0.7754117857339272 0.5974249348862353 0.009280646757960751 0.006388520320408888
0 0.7563261772461324 0.5919212450323089 0.011741339701006088 0.00839324899634945
0 0.7374410103776466 0.5863088917877619 0.021502212464493096 0.014764028355024243
0 0.652139470140217 0.5686628441990513 0.02857530866991841 0.01911233807602457
0 0.7539379488205608 0.6515088304825476 0.04807799195179969 0.026620577308937732
0 0.738583561217457 0.6710769414148638 0.04793903821783499 0.018276814271807947
0 0.6470222858003313 0.6790148373759984 0.01582798318982631 0.009357454772301838
0 0.5554960420378431 0.14126513914918482 0.025653458424483 0.011285089575398507
0 0.44286972563597526 0.10745891276864726 0.014044164562931713 0.010163357378349572
0 0.62342497834917 0.6166225244961799 0.032018833172730916 0.026049330237931746
0 0.6681098720386452 0.6297240207558434 0.015802456446888324 0.015980162556825973
0 0.43519998048375885 0.8804946102954802 0.024242830830782033 0.012534196558000695
0 0.4257468011660954 0.8710122181168188 0.016009416586365413 0.007084545880609
0 0.4127105619457692 0.8858897644660978 0.013112474537404082 0.006975552867061197
0 0.4618061061439567 0.8821295054986976 0.012807533269092439 0.00664857382641766
0 0.4465744346569966 0.8908926991224042 0.009679893372251459 0.004790514780734156
0 0.35620112490522055 0.8256176116656049 0.06563833278634722 0.039337034452770314
0 0.3670229620995213 0.8384602938648383 0.015985197424261313 0.00839324899634945
0 0.7943621164624298 0.45110771581359826 0.017573857699249514 0.01680672268907563
0 0.7884647970854867 0.5346102404925934 0.016944844531051377 0.016150604385898496
0 0.7191301433331362 0.6138505716752108 0.017251237160150572 0.009160897063227832
0 0.5775183051729796 0.5361010830324909 0.021077826692167456 0.01526964576444294
0 0.8146383186705768 0.38372338182584864 0.012218963831866993 0.012650221378874152
0 0.765973135133313 0.3547332911659288 0.018117773957595985 0.014909189482244517
0 0.8598274176694642 0.3734827264239029 0.012850979202480765 0.01807174482696304
0 0.3432973708898702 0.7820544276104602 0.023310756698624827 0.017583675806088862
0 0.30199629065911354 0.7932169652426887 0.0597224042173593 0.0362074090086195
0 0.24753268889233224 0.8024730804869477 0.042760766177574926 0.012248245305726813
0 0.34530555651245304 0.5997783728876165 0.022822005580626272 0.01877674146581709
0 0.34330961055098985 0.5735988088929265 0.022946143635798787 0.030787089610619007
0 0.3343280282935455 0.6166056166056166 0.021601961257133654 0.012748689219277402
0 0.2631625819321744 0.7523130464306935 0.03770067445616032 0.028541719718190334
0 0.31168684819800435 0.7560736712985848 0.025867191181592784 0.012540964098057498
0 0.3032351916733255 0.7671042273118397 0.011268875366238476 0.005126233499935888
0 0.27980105312762515 0.7667838377180939 0.014598315815354352 0.012174804562347909
0 0.2044887719090712 0.7921357222134136 0.033639912462293725 0.021492873879111377
0 0.20695323436052127 0.805833025033913 0.0188531377535932 0.012420062364568437
0 0.2286809365203762 0.820640756302521 0.01530662225705329 0.015099789915966387
0 0.2107721884796238 0.7671349789915967 0.04683826410658307 0.02188375350140056
0 0.14464758032915362 0.7736453956582633 0.00887784090909091 0.007987570028011204
0 0.13496564044297818 0.7850965713796436 0.010010129909241487 0.00648294252198698
0 0.38100476450682086 0.7270021158310418 0.023606837115220523 0.01644694575077739
0 0.4255803609251885 0.8566507684154743 0.016203507582817883 0.008857597092891098
0 0.22133786573779388 0.7225686163227799 0.11108898136524742 0.07271611808101237
0 0.18099538280554067 0.7531945533093931 0.010284987658014812 0.00741294348542017
0 0.31906710786021125 0.7311443095756821 0.0805468477882271 0.031227305737109606
0 0.4081436095542678 0.7632770279829104 0.029157826963469625 0.024144337869828114
0 0.3991220704582773 0.7483826864078966 0.011079078967009956 0.0071695344804588446
0 0.3563913159474421 0.6645658263305322 0.08295537917694923 0.057661362417307314
0 0.41838371151570514 0.6376722874580296 0.009731362494550361 0.007605691283135777
0 0.2958133474336217 0.6893118693260436 0.036234278808022054 0.01788667274138569
0 0.3070944036178632 0.660214905634385 0.058970142350583274 0.03453184552509525
0 0.2684875892903027 0.6650824264131884 0.02723675420114082 0.017633282821325286
0 0.2394373733177223 0.6717626809760049 0.029113318477672453 0.02103652706062346
0 0.19164517958209848 0.6458829265494593 0.03423668246546911 0.02160591198936913
0 0.15988263237292308 0.6738463303410102 0.03651021216044165 0.02514316306727465
0 0.15707415451442752 0.6428714830642154 0.03517284175163427 0.02189271613082095
0 0.22728610097681534 0.6609401439756789 0.017519552355376732 0.012523780843395355
0 0.2781880475845993 0.617189183365654 0.024867374005305035 0.015352294764059362
0 0.2696477373201511 0.6292645263233498 0.017331806124909595 0.011491776197658446
0 0.24892492564906354 0.6318681318681318 0.022857889237199596 0.01562163326869214
0 0.23209549071618035 0.6464124111182935 0.01858773410497549 0.010414422179128094
0 0.22219994653835873 0.612859097127223 0.020351874802556444 0.021496970881375758
0 0.22789543388982042 0.5909821292858228 0.020503754465262054 0.01834842464117433
0 0.28477605916693266 0.547300357268656 0.016776791245096023 0.012076686962210065
0 0.2115768899324333 0.5819132433850034 0.026071263535200864 0.021092102179517222
0 0.20475020475020472 0.5519595225477578 0.01976898528622666 0.016024427789133718
0 0.5687608569774175 0.21890667094863428 0.02146436914721563 0.014273225213652341
0 0.24737842261491944 0.5115763119407054 0.019765861236718724 0.014749262536873198
0 0.08862714364742763 0.4716592519360686 0.014060483127420245 0.013676058658757602
0 0.1773700437493541 0.5739988303013513 0.03530951806813876 0.026318219595530573
0 0.1315107306486617 0.6091667436205251 0.011626304729752993 0.012620432788500046
0 0.9879257212687954 0.4512177752456914 0.012618883162424967 0.01234392061909512
0 0.9093046451980621 0.40713861302096604 0.022798518096323675 0.022578728461081374
0 0.10974131232751917 0.5345950345950345 0.01356402218471185 0.015322368263544743
0 0.23564492698218514 0.4733210357313658 0.018732318984631832 0.01721664275466285
0 0.18496146577187286 0.4912528188170575 0.011458415852789047 0.009910101224605347
0 0.1125009692391196 0.5097445338559452 0.009553928464614454 0.01088774732507844
0 0.15832839108701177 0.45669619199030964 0.011649580615097861 0.010220304337951389
0 0.13211683470304159 0.4975143210437328 0.008648931062724156 0.008580008580008621
0 0.4563982459637234 0.3549165330872233 0.01313715186547556 0.010038697559948866
0 0.45390671716165043 0.3753987143990544 0.011778136155253928 0.010524440990268884
0 0.5291650409676161 0.3782113703850639 0.009249667011987534 0.008174943797261405
0 0.47391930254147213 0.38674697346749853 0.008745139720424632 0.007694064750363645