0 0.2644017924630169 0.3137147716229348 0.019706295216499293 0.013969873663751253
0 0.14343584656084657 0.33196235670194 0.011298500881834221 0.010127314814814853
0 0.2610361431887317 0.24473827905367418 0.009731413001167762 0.009663833744215207
0 0.3121260614448625 0.24176479174776178 0.008469933538053424 0.007501297521733488
0 0.5733335594446706 0.14011200990367653 0.014697236919459108 0.008691154524487873
0 0.5769041466715885 0.25275316845084284 0.016406217956605507 0.014131136950904394
0 0.4322282207456626 0.5560169804355851 0.012977574750830584 0.00821913067552613
0 0.42459252935511527 0.5934841921714598 0.06295922843405682 0.05337910600457064
0 0.586239544227096 0.6432461470065205 0.03444093174383628 0.011217315418560267
0 0.38284152313407627 0.6824394208037824 0.03430006754474838 0.012136946977372463
0 0.3137136946977372 0.6290764311043566 0.014599515929303168 0.008838863559608246
0 0.42378225656734436 0.6750252367028682 0.04119094031374726 0.02686838624338617
0 0.5021595939963287 0.6827522675736961 0.03171903682107764 0.009414480077745273
0 0.48155719452015744 0.6728578777189888 0.013583809880106186 0.008434209823098698
0 0.4399706946003242 0.6536095077761744 0.058900290381771844 0.02572016460905355
0 0.4452968148591839 0.6372974537037036 0.03558187192883212 0.023354828042328003
0 0.48099893933227267 0.6380418706807596 0.03715420382087045 0.029323814046036328
0 0.6252449539486576 0.6416680027791138 0.023715995938218194 0.009185773074662056
0 0.5950898451849745 0.5807586114735087 0.11106333347581439 0.057563464883670354
0 0.6328480140099859 0.4427118265146434 0.016068634026380528 0.02174505365526489
0 0.35771520146520147 0.59467528998779 0.042607855107855135 0.02670940170940169
0 0.4340277777777778 0.5245631105006104 0.051510989010988995 0.02098595848595852
0 0.3243284493284493 0.5622424450549449 0.024165649165649172 0.03243284493284498
0 0.38569647944647945 0.5071543040293041 0.026073463573463563 0.021462912087912175
0 0.5888787138787138 0.5357715201465202 0.0928469678469679 0.03004807692307693
0 0.5189255189255189 0.5600961538461539 0.047059422059422006 0.029094169719169737
0 0.28331043956043955 0.5379178113553114 0.046423483923483916 0.05628052503052508
0 0.4829950142450142 0.5920520451770452 0.029889092389092417 0.03481761294261291