0 0.18692196842603345 0.21726593754032777 0.03360648685851938 0.027624532197702927
0 0.1935686667829525 0.11331054857840572 0.016534391534391533 0.017034057212628635
0 0.27796674225245654 0.09988771149485434 0.015625908483051325 0.013354700854700845
0 0.156181917211329 0.1553017040149393 0.013227513227513227 0.009774743230625575
0 0.4210858585858586 0.7370017135642135 0.12626262626262624 0.10089736652236657
0 0.7367424242424243 0.7127637987012987 0.11724386724386723 0.041148088023088045
0 0.4259710197210197 0.8900387806637806 0.06688912938912939 0.05185786435786434
0 0.3441909171075838 0.9017443783068784 0.05676807760141096 0.024388227513227438
0 0.45993165784832457 0.8465608465608466 0.08432539682539683 0.03968253968253968
0 0.5277226631393298 0.8221726190476191 0.053461199294532656 0.042162698412698416
0 0.2524250440917108 0.6789434523809523 0.04188712522045858 0.04092261904761905
0 0.6376763668430335 0.759755291005291 0.12125220458553802 0.08928571428571429
0 0.7145612874779542 0.8316798941798942 0.05787037037037037 0.025628306878306802
0 0.3309634038800706 0.6320271164021164 0.07109788359788363 0.02645502645502653
0 0.2943121693121693 0.7576884920634921 0.09700176366843034 0.03968253968253968
0 0.2303057025279247 0.8006503527336861 0.022780717225161676 0.015156525573192177
0 0.31173999814350695 0.7973492759676969 0.035389399424487135 0.023061125034809195
0 0.19541910331384021 0.6559367167919798 0.08934372969460687 0.14924463937621832
0 0.4467728491701094 0.6137543487714721 0.1010183373197072 0.03839149815177219
0 0.7396384479717814 0.6314070767195767 0.1499118165784833 0.0541501322751322
0 0.3965011930698205 0.29032446311858073 0.035662413113393555 0.031123560535325244
0 0.6052403814749493 0.6665686850872036 0.08940819126004305 0.07226141485400743
0 0.3909897292250234 0.673776455026455 0.05446623093681918 0.04717164643635227
0 0.4788489469862019 0.8230722844693432 0.03306878306878307 0.028692032368503026
0 0.6464622886191513 0.583323607220666 0.04149808071376699 0.017993308434484896
0 0.4088209357817201 0.5677618269530034 0.08753501400560218 0.036472922502334255
0 0.44675277518414774 0.6667250233426704 0.02204585537918874 0.01847961406784936
0 0.7352941176470588 0.7564484126984127 0.10633883182902804 0.0675964830376595
0 0.7836004772279281 0.8303668689698102 0.0434433032472247 0.017020697167756074
0 0.785545699761386 0.6900676937441643 0.05511463844797188 0.024315281668222836
0 0.2223070139736807 0.5790216727716728 0.04493962827296157 0.05278286528286537
0 0.6168190706234185 0.3325892857142857 0.022285484242005955 0.02264492753623184
0 0.7264899670560049 0.12189278227014076 0.031820904462413924 0.02667340521114105
0 0.636330737745832 0.1305499401018269 0.017470300489168433 0.020589997005091332
0 0.5708171109114506 0.3341101377657981 0.02121393630827595 0.026205450733752647
0 0.3920585005490666 0.38324535789158426 0.02183787561146052 0.023397723869422012
0 0.5418039333133673 0.63196316262354 0.029325147249675554 0.026673405211141022
0 0.5121668164120995 0.6764188379754418 0.033692722371967715 0.02199386043725672
0 0.5405560547069981 0.7379548517520216 0.03431666167515222 0.023397723869422068
0 0.8068048206937096 0.45969742063492064 0.03306878306878307 0.02686838624338628