0 0.41061094576719576 0.7018074156746031 0.09197255291005291 0.08603050595238096
0 0.6720610119047619 0.6866939484126984 0.10437334656084656 0.05115327380952381
0 0.5635540674603174 0.7297092013888888 0.08370535714285714 0.05812872023809524
0 0.41474454365079366 0.8355034722222222 0.04650297619047619 0.02945188492063492
0 0.2292493386243387 0.6429191468253969 0.10333994708994709 0.13268849206349206
0 0.43014219576719587 0.8004092261904762 0.08019179894179894 0.03720238095238095
0 0.4140211640211641 0.6320684523809523 0.23644179894179895 0.05890376984126984
0 0.2044477513227514 0.3139880952380953 0.03720238095238095 0.022941468253968252
0 0.6145006613756615 0.256014384920635 0.03885582010582011 0.022321428571428572
0 0.3606977513227514 0.3682415674603175 0.0355489417989418 0.01984126984126984
0 0.6649305555555556 0.6199776785714286 0.08845899470899464 0.03968253968253968
0 0.39831349206349215 0.5818452380952381 0.04794973544973545 0.025421626984126984
0 0.24743716931216939 0.7613467261904762 0.033895502645502645 0.017361111111111112
0 0.30613425925925936 0.7244543650793651 0.04050925925925926 0.03162202380952381
0 0.2796792328042329 0.6996527777777778 0.05869708994708995 0.03162202380952381
0 0.4743716931216932 0.7777777777777778 0.07936507936507936 0.04030257936507937
0 0.340029761904762 0.566344246031746 0.028935185185185185 0.017981150793650792
0 0.22718253968253976 0.5496031746031746 0.01984126984126984 0.016741071428571428
0 0.22387566137566145 0.5759548611111112 0.026455026455026454 0.01984126984126984
0 0.33754960317460325 0.8450520833333334 0.042162698412698416 0.01240079365079365
0 0.48594576719576726 0.7074032738095238 0.05125661375661376 0.062003968253968256
0 0.3573908730158731 0.43892609126984133 0.03058862433862434 0.027281746031746032
0 0.7240410052910053 0.47643849206349215 0.016534391534391533 0.032862103174603176
0 0.6346634332745443 0.7856316137566138 0.06797472075249857 0.020392416225749548
0 0.5986552028218695 0.6945546737213404 0.04372427983539093 0.03003747795414456
0 0.20392416225749563 0.22507440476190477 0.023148148148148147 0.016121031746031748
0 0.2835648148148148 0.22362764550264552 0.01488095238095238 0.011574074074074065
0 0.2653667777124567 0.47336125808348023 0.014697236919459147 0.013472467176170887
0 0.25271082369847797 0.6093106995884774 0.03021098700111044 0.017146776406035662
0 0.26924521523286954 0.6318158436213991 0.012655954013978702 0.01071673525377236
0 0.4176464824612972 0.6511059670781892 0.022862368541380886 0.01561581422692536
0 0.49848128551832255 0.5973691945914168 0.02857796067672607 0.018983931020968053
0 0.31578646547782346 0.7591918969233783 0.020004572473708255 0.01561581422692536
0 0.2610800836109478 0.8265542328042328 0.025720164609053516 0.01377865961199297
0 0.36518551179045006 0.7936385459533607 0.020821085635900405 0.011022927689594444
0 0.5227725520935398 0.8455381638252008 0.034701809393167436 0.015003429355281192
0 0.5627632005183025 0.6348902656300617 0.04454162617427926 0.05719549724651762