0 0.2528108465608466 0.5570436507936508 0.03968253968253968 0.021701388888888888
0 0.5549768518518519 0.6072668650793651 0.3348214285714285 0.2511160714285714
0 0.6314484126984128 0.7743675595238095 0.056216931216931214 0.05580357142857143
0 0.5595238095238096 0.7359250992063492 0.046296296296296294 0.023561507936507936
0 0.2974537037037038 0.6624503968253969 0.06613756613756613 0.08990575396825397
0 0.15649801587301596 0.5533234126984127 0.030588624338624356 0.03782242063492063
0 0.02008928571428577 0.5775049603174603 0.03058862433862434 0.034102182539682536
0 0.21643518518518526 0.5260416666666666 0.05125661375661376 0.06138392857142851
0 0.10234788359788366 0.5207713293650794 0.01984126984126984 0.016121031746031748
0 0.4173280423280424 0.19494047619047625 0.028108465608465607 0.02914186507936508
0 0.6070601851851852 0.29631696428571436 0.014054232804232803 0.013640873015873016
0 0.6620370370370371 0.8159102182539683 0.023148148148148147 0.02976190476190476
0 0.3741361624014686 0.24894719792678976 0.018221574344023318 0.019233884029802393
0 0.399106467984019 0.6222363945578232 0.057364215527480875 0.030875445416261714
0 0.3559145880574452 0.5911078717201167 0.04656624554583744 0.025307742144476834
0 0.5425170068027211 0.7920513443472628 0.03374365619263578 0.021258503401360446
0 0.6896393478026132 0.7421950923226435 0.031044163697224857 0.03087544541626183
0 0.6380115538278804 0.7262512147716229 0.03846776805960477 0.014172335600907077
0 0.4132788035849261 0.6713334143181082 0.030369290573372218 0.0248015873015873
0 0.2948385703487744 0.6105948331713638 0.05398984990821724 0.022776967930029163
0 0.18989579958967712 0.5789601554907678 0.03846776805960477 0.014172335600907077
0 0.49156408595184103 0.3772574505992874 0.049265738041248244 0.04909701976028507
0 0.6189757303887738 0.06678096963423051 0.11142742121002985 0.07009144237405107
0 0.32387278582930756 0.71647472394755 0.04025764895330113 0.022644927536231894