0 0.7341147364295512 0.5212926219870664 0.023515579071134544 0.018371546149323886
0 0.7406890707671958 0.3372757523148148 0.017051091269841268 0.011884093915343934
0 0.819300938404712 0.38441524408505534 0.011698861934711034 0.008657157831686154
0 0.8022973832082358 0.39440099360157493 0.010125712645092594 0.007305893933800941
0 0.7646784381280505 0.39488164451827235 0.014611787867601807 0.010766580534022428
0 0.7511561256716295 0.38973867970960985 0.01832882162339516 0.01759182355112588
0 0.7552541045030317 0.4177183391239185 0.016321502373004504 0.01181534845697932
0 0.7248819174784841 0.42500979290142377 0.013766832436360307 0.008728455616867626
0 0.6180336718020542 0.49005930497198874 0.01130660597572364 0.011215423669467737
0 0.759339036090009 0.37240982644679144 0.010937146151153956 0.0073343215366561835
0 0.6900404242693963 0.42006239801216433 0.010971418681699121 0.007069611333629982
0 0.7322119164488641 0.4701185695161598 0.011819765835830054 0.012350991266653894
0 0.6906435264868999 0.4442213297634984 0.010491702258770491 0.00796838146235738
0 0.6888120839733743 0.5556855638760881 0.009600614439324107 0.008500544034818166
0 0.5620598128876275 0.618464535372648 0.012482918112057168 0.01067617996425944
0 0.4784310982227649 0.6069568452380952 0.008267195767195767 0.008187703500203567
0 0.5113396854468283 0.6025627398395255 0.007177016105587533 0.006472941740798865
0 0.5628518857685524 0.5868850478225478 0.008373185456518752 0.00842618030118028
0 0.4245292975346167 0.6980723362039851 0.018117471574918356 0.017545803782505955
0 0.4684157942136665 0.689497319317798 0.010202071372284096 0.008575016886187057
0 0.4940968704266577 0.6800648007429922 0.010905662501407187 0.00844309354947652
0 0.5168016545618511 0.7028895192252592 0.011933108753140987 0.010117615036387672
0 0.454725612667851 0.7185136238610967 0.015042117930204598 0.012356025442667964
0 0.46875298454720843 0.7058442209615494 0.011818806945160697 0.009401323706377808
0 0.43640049280843507 0.7153350810841784 0.007759822741772216 0.005819867056329162
0 0.5334603437837269 0.6771080115296533 0.010364842454394676 0.008020413803995962
0 0.4859695322233548 0.6876046672491626 0.012438716567156909 0.010466724916266148
0 0.449723914113449 0.6906232696566998 0.007978805217177263 0.006777177925433721
0 0.5237791425953969 0.6619990605193784 0.00829640847308693 0.009464916708732889
0 0.5031549722362443 0.6562587638117673 0.008646960943780662 0.007098687531549695
0 0.3667814640036862 0.5890026931693599 0.010625705070149481 0.006628652461985766
0 0.3074613617376775 0.6158495196324144 0.01102292768959437 0.009246205792258426
0 0.30419799498746874 0.6032855576441103 0.009137426900584802 0.007832080200501194
0 0.14278271151261504 0.5828181620987087 0.007655795437145925 0.00693806461491352
0 0.25472325811181235 0.7222341747944157 0.00886482437687254 0.005976286096768035
0 0.20287552090649433 0.6760078662733529 0.007169780399868909 0.005048110689703517
0 0.2135221518268729 0.6870763505688398 0.00865749256307195 0.00617378568022339
0 0.16413186638508528 0.6713757749165473 0.007522083702341203 0.005002895292594844
0 0.3123066316922249 0.6378274650255583 0.008407317729351643 0.008932775087436153
0 0.030005169372985484 0.5176746943988324 0.008362221005899168 0.00883734719941607
0 0.06446692357096977 0.4890070189925681 0.03689176377037649 0.02293788420956054
0 0.05610176630077127 0.550570559898918 0.009871278527994942 0.007897022822395872
0 0.04083382324123065 0.5944573045267489 0.006491279639427784 0.005235890652557369
0 0.21036418794570966 0.5565449232229124 0.008446917414308737 0.0064699792960662235
0 0.289624183006536 0.6886817226890757 0.010504201680672265 0.006565126050420175
0 0.1780855199222546 0.6985949141561386 0.004994061116510088 0.004859086491739576
0 0.21331389698736636 0.7181324910916748 0.009043299859626402 0.005668934240362763
0 0.5513614659956124 0.6874637049941928 0.009356045941411782 0.011735385210995009
0 0.5246317746317746 0.7232120513370514 0.0140020973354306 0.00837891462891462
0 0.3914665581332249 0.7114785016570732 0.007752388704769705 0.005541746613175183
0 0.39292013101536916 0.7173382173382173 0.007267864410721509 0.004724111866969064