0 0.5340471386647101 0.5146896703781281 0.021322450476889174 0.015847205379781737
0 0.5454904519851627 0.5543164131040604 0.0228396757796401 0.01741737712362985
0 0.4828101387553235 0.543478934004913 0.016657507899436666 0.011998637574056151
0 0.35770710262398675 0.5815391284602522 0.029880478087649414 0.020771834940032628
0 0.41521537211192383 0.5562424765792642 0.02176941832114244 0.01864499921494745
0 0.5045715778474399 0.5708804364892447 0.01812304075235108 0.016191709844559584
0 0.4232628004179728 0.530769155283404 0.03869514106583066 0.01741835452975348
0 0.3953371252518071 0.6028212524259744 0.015997156061144702 0.011573455833912075
0 0.42222123474345297 0.597813507113224 0.01555279061500179 0.009347791250467412
0 0.40303945965161747 0.5889108487794456 0.02103329778409768 0.010015490625500804
0 0.46058478492712407 0.5982029984153268 0.04251096101433817 0.01702633406335138
0 0.5142789430027255 0.5919154959670958 0.01718213058419245 0.018027883125901357
0 0.571197114208853 0.605064674971521 0.01803619466862315 0.015847205379781737
0 0.5912203472731719 0.593581192812259 0.020481780386402523 0.016536214309337435
0 0.566153093665933 0.56866203652666 0.014062117877231642 0.02549333039356189
0 0.6068873807776962 0.5784804137728292 0.012380777696258238 0.008612611619446604
0 0.46049891720806263 0.5013954594378114 0.027278027652840233 0.019711646767289915
0 0.5591727162734422 0.41066153076992995 0.01739261947973377 0.016333742387055716
0 0.6069529487592653 0.052887874679192294 0.023565903963905864 0.016494358626700886
0 0.6679825974863036 0.05243390150598033 0.017926200451176325 0.019823495230255193
0 0.6645584917821464 0.03177812212483657 0.06143248469223324 0.02965958064984747
0 0.6912463744763133 0.049937049053314614 0.018127618433773748 0.016645683017771536
0 0.6528762487914921 0.008701152486562395 0.02396873992910081 0.017099656190983487
0 0.5510594585884628 0.01762929155973076 0.018530454398968794 0.015889061062418282
0 0.6978360309641097 0.18079200592153957 0.02691766361717106 0.02061964682245954
0 0.6769880365939479 0.161494131331289 0.013370865587614354 0.010838532304113338
0 0.6745249824067557 0.18859046209157235 0.021111893033075303 0.018769165697366995
0 0.6371393384940183 0.1813207148144232 0.019176636171710112 0.01374643121497304
0 0.7082046663235545 0.11502397339726247 0.022945616743866845 0.02448895419276673
0 0.7177858439201451 0.44101104445050443 0.02177858439201455 0.016191709844559584
0 0.5351737299289286 0.5931332318158447 0.018096867596735997 0.02298975596250449
0 0.56021577534586 0.12157938009990384 0.037425149700598875 0.02598430082839503
0 0.49934293523969725 0.21829189308732463 0.03101345668629102 0.015204410463793772
0 0.5005256518082423 0.18511863389359282 0.07805929352396969 0.030211361051434335
0 0.4775283851976451 0.11363815872614684 0.029436501261564323 0.018758688234550742
0 0.2749878009108653 0.4770108270603187 0.027447950553025374 0.017413725681884887
0 0.30843363695510734 0.4608954932055919 0.020738451528952522 0.012372910352918159
0 0.12411987723415778 0.4233581097577516 0.024372630438707334 0.015937389794645016
0 0.3738376598217746 0.4577014321476393 0.025184037194885694 0.017829073761425177
0 0.6083050024283633 0.3582655257972707 0.030961631860126338 0.015051448587900439
0 0.36177170035671824 0.5114346971591924 0.03839674990091164 0.0368500982669287
0 0.4340367129867901 0.4862249632665687 0.021873391662377725 0.01611115407418869
0 0.6578080386558313 0.33961337909639944 0.026356248627278797 0.01340714827893468
0 0.5994647818270961 0.5519515998330182 0.021858146756005975 0.01151069420229352
0 0.5204280155642024 0.5532272534827927 0.015094592781430305 0.01222253583597112
0 0.4387895703787451 0.543598169540474 0.013425664217071824 0.010352076785865943
0 0.49511494252873556 0.25194300518134716 0.027011494252873598 0.015544041450777202
0 0.385632183908046 0.24276770293609673 0.02356321839080458 0.01446459412780655
0 0.37867177522349943 0.2766083765112262 0.027937420178799525 0.025486950681251196
0 0.4737496116806461 0.3730920039210194 0.03572538055296671 0.026256826774961477
0 0.33113116339026744 0.3687775410391748 0.03303254914598773 0.023303956224880087
0 0.389920424403183 0.42148266241530485 0.029840848806366022 0.016939019529693126
0 0.48558050111634826 0.35237354158124273 0.042793351525676045 0.022598501509673113
0 0.6538478807471265 0.32366215997409326 0.030756106321839113 0.012481109671848001
0 0.7513469827586207 0.3558937823834197 0.030711206896551723 0.01882286269430052
0 0.8203253284072249 0.4528705588452998 0.019755747126436848 0.013685849987663402
0 0.23774775997827857 0.38461813063522504 0.01934564213956015 0.013004365386969105
0 0.2755905511811023 0.3983874586920158 0.019685039370078723 0.01555424095304149
0 0.5450130947184635 0.22237981242211582 0.01691401134875601 0.013937167967468987
0 0.5188260649087221 0.08568271868332829 0.01521298174442189 0.016191709844559584
0 0.616100494333253 0.11913173182603234 0.01746744634675669 0.013738420474171774
0 0.6073082861554296 0.38577191761400254 0.017584491336421298 0.012727811718608982
0 0.650531997514756 0.20874177286094384 0.021551724137931036 0.02158894645941277
0 0.5566875653082549 0.14582352017585176 0.019331243469174465 0.014915999371957922
0 0.2858192996524993 0.32816704823874365 0.025728414862336256 0.00979033618508256
0 0.7711476293103449 0.3806704717184802 0.01930675287356325 0.011131800518134715
0 0.6555104800540907 0.4057071014934472 0.016692021636240714 0.011111957736462442
0 0.469981527093596 0.4029461201579077 0.02411740558292283 0.01676998519615098
0 0.45909961685823764 0.48251295336787564 0.015134099616858228 0.013960852043753663
0 0.31590793273314083 0.3288304959289415 0.019959232206556828 0.010050026800071396
0 0.330346526244267 0.2962077898874397 0.014863258026159332 0.014995278082646323