0 0.3151007220017637 0.6191918975122099 0.017051091269841268 0.015355521214896188
0 0.4029943664754711 0.6467322707102867 0.016597245885036586 0.010499098298880306
0 0.18434343434343436 0.5322678313749741 0.020829038686181557 0.01674912389198109
0 0.09416504697116944 0.3168256771573098 0.01801911240686753 0.014429306521143255
0 0.13796735123749337 0.2985311818250206 0.01144085859725671 0.006582411795681949
0 0.17053910295959762 0.29124600370183407 0.013204143062800279 0.009202002355712648
0 0.08078752334267039 0.304640085200747 0.0076593137254902036 0.007841678338001841
0 0.11180519216233503 0.5376629818594105 0.02125850340136054 0.02957112332112328
0 0.26329713171818436 0.7188413742690057 0.017056530214424947 0.011748120300751903
0 0.6960575558136534 0.5867450638792102 0.0096786682152535 0.006775067750677435
0 0.7967157052522907 0.5629113433991483 0.014840624596722194 0.01234030197444837
0 0.8126855078074592 0.5695654277971351 0.010646535036779032 0.010162601626016265
0 0.7475158084914184 0.5925522648083623 0.02097044779971612 0.0108885017421603
0 0.870897926831779 0.5918604471620037 0.008878389228583736 0.006948304613674267
0 0.34611992945326275 0.7540863567649282 0.013542454018644498 0.008503401360544314
0 0.32515440881974744 0.6981004553215708 0.008695377221273655 0.008892999430848083
0 0.3009786251818124 0.7206293872130525 0.010144606758152565 0.00968348826914565
0 0.40036750668193966 0.6810209049255442 0.010909289259804686 0.008181966944853514
0 0.30823514972999505 0.6684922680412371 0.009034255168275785 0.007926280477826866
0 0.967821988655322 0.6849483411983411 0.014973306639973467 0.011171886171886122
0 0.5726642996379838 0.7841304650515176 0.011748120300751903 0.008158416875522068
0 0.8004850088183421 0.7230902777777778 0.011904761904761904 0.005539021164021089
0 0.17324093816631128 0.4239714127773829 0.010529363763194608 0.006663113006396601
0 0.23872041906867775 0.3973806562425965 0.007897022822395947 0.012462489141593583
0 0.22037629313748713 0.4368040748637763 0.008390586748795708 0.008143804785595827
0 0.19767235252309878 0.4624077035457632 0.012668140777593508 0.011968925215193897
0 0.13440651868386244 0.5063457186259921 0.010463169642857142 0.007072327628968254
0 0.12055963864645533 0.5004386132802531 0.007655795437145925 0.00725705609146121
0 0.21369548261978538 0.4167358344400177 0.007904888382976049 0.006422721811168017
0 0.5402692438982761 0.6435425200546169 0.009600614439324107 0.00893390510326005
0 0.34446649029982357 0.7703015515515516 0.007894799561466234 0.00603281853281849
0 0.32443157443157444 0.7864449270699271 0.014597931264597953 0.0068148505648505334
0 0.3168346918346918 0.7517562205062205 0.0074479241145907855 0.005362505362505375
0 0.3939689570918807 0.7681488292991616 0.008129866933853602 0.0065093867004165865
0 0.31716945067730407 0.6389979639325188 0.010041829413557137 0.009089586969168065
0 0.18880502559759604 0.38540879314688836 0.02236475354151739 0.012203955656336654
0 0.14087301587301587 0.566468253968254 0.010582010582010581 0.00744047619047619
0 0.9558665808665807 0.672491688116688 0.008937508937508958 0.005697661947662045
0 0.9283837408837409 0.6936624124124124 0.008788550455217205 0.006479693979693976
0 0.954823871490538 0.6866799835549835 0.007150007150007166 0.005474224224224189
0 0.9414176080842745 0.6851717789217788 0.008341675008341643 0.005362505362505375
0 0.9238405071738405 0.6376912626912626 0.011320844654177913 0.007373444873444946
0 0.8895055770055769 0.6191459316459316 0.009980218313551682 0.010501573001573008
0 0.6873367758784426 0.7444784671347171 0.009539072039072028 0.006915827228327193
0 0.3065202004143905 0.598204077875773 0.02018759486122096 0.0288957956162351