0 0.40544394841269843 0.6107882968002016 0.022291902872259992 0.027557319223985865
0 0.4123763920890937 0.6468093958013312 0.009900633640553014 0.012267451783580787
0 0.4531290002560164 0.6418757467144564 0.009800627240143366 0.013600870455709202
0 0.46047947068612394 0.6132739161973032 0.010100646441372253 0.013467528588496338
0 0.4308275729646697 0.6633437873357229 0.015600998463901655 0.015467656596688847
0 0.43606069476971115 0.6053954520484575 0.007996140168271288 0.010571168358053582
0 0.49987802498048395 0.6126940758088298 0.011790918553213629 0.013444357706652782
0 0.504147150663544 0.6633272616879173 0.010896435076762856 0.014094891144071442
0 0.5383228988806676 0.6395054701827609 0.011462088155315289 0.013701806530491767
0 0.5201392734096221 0.5187774291456462 0.01153562200073825 0.00961301833394856
0 0.7949355605605606 0.6453626245292912 0.02513674388674386 0.014448972782306085
0 0.7579985119047619 0.5146329365079365 0.012917493386243423 0.016878858024691384
0 0.9823481116584565 0.49135270327799063 0.014823937237730253 0.020715502037341117
0 0.9241213966429483 0.5512186036611323 0.016391853676336516 0.03858024691358027
0 0.48195116359956996 0.6153955606146841 0.00879418832606083 0.01133034001559899
0 0.5416177621283256 0.6116560473954841 0.011527498323273011 0.017465906550413624
0 0.6129406774787209 0.5999108580630319 0.015276340004600824 0.01797216471129514
0 0.8672535141751558 0.5074659769933402 0.00999466950959493 0.012339098159993643
0 0.9403400951234886 0.5866425992779783 0.00850595954386576 0.011938188833495712
0 0.9310730760414875 0.586105380780471 0.007879204630107156 0.010624988061811223
0 0.5709430562566604 0.5337698880101707 0.008939088002692292 0.009114364238039196
0 0.902654829738163 0.5724149821372044 0.013460690544023905 0.019078144078144132
0 0.8778455561613958 0.5501711498848902 0.021488398158245516 0.022214144351548934
0 0.7972866284384609 0.5567882766835646 0.009089586969168065 0.014543339150669025
0 0.8488672254616133 0.5395610625202463 0.009743480725623567 0.01585951841053882
0 0.8215348639455783 0.4933322535363352 0.006200396825396825 0.007086167800453558
0 0.6408274037584383 0.5744997871434653 0.010832877212187501 0.02090555251474791
0 0.5262284838177694 0.587288703360132 0.011434498041640923 0.01460180031608608
0 0.4894294716343327 0.7004029492455417 0.014812059082892404 0.025413972173231394
0 0.5924661531279178 0.6512410519763462 0.012838468720821715 0.01595082477435419
0 0.1002501870557426 0.5286551582847879 0.008768237934904612 0.010911584985659068
0 0.32129329004329 0.4915780378743342 0.012776575276575273 0.005121764381023635
0 0.2622093428014481 0.5253092221293976 0.009681321358952924 0.01160308177852033
0 0.271890664160401 0.5556947925368978 0.007940859092174875 0.01000765803397376
0 0.35481997677119625 0.6928313330752355 0.008952768099109597 0.008710801393728271
0 0.3322645639011619 0.7258563792068948 0.021477663230240543 0.01585256095565366
0 0.24054291855631138 0.7244622385991434 0.009891109221466372 0.01397549760644993
0 0.16392186701973285 0.71019256534278 0.008769716735834744 0.00908327088584597
0 0.1463911029361673 0.6669051025274201 0.006493119422303962 0.008231714240297928
0 0.4735025776692443 0.603575950798173 0.006677350427350423 0.0090444534888979
0 0.18148264763504057 0.6571691788946197 0.006747031306225244 0.008912745058840797
0 0.1944846983295936 0.671706626222333 0.008635107620709697 0.012552286766946516
0 0.2010522959183673 0.7315306909800956 0.006938539304610735 0.010826089695137221
0 0.08088767081572837 0.7474575894839685 0.007018194967835249 0.00563041630187922
0 0.03774295076011621 0.7817739771965125 0.003624175609210818 0.006171286981146232
0 0.010706948910325063 0.68283528130795 0.0075760475680089825 0.010420388233893078
0 0.021958137715179935 0.5065112899619941 0.008994941873463 0.011643937700275725
0 0.02881350603621727 0.5382410201952456 0.006113067292644755 0.007335680751173676
0 0.5652006172839505 0.596983392122281 0.009369488536155216 0.009185773074661905
0 0.46223107904841076 0.6547371650239482 0.007360072042116951 0.011792608426024915
0 0.3466761521860206 0.5874582289055973 0.013053467000835399 0.01377865961199297
0 0.3385368414551294 0.5352562122990139 0.0071413130751652254 0.007977683074959302
0 0.6283068783068783 0.6298100048100048 0.009519801186467843 0.01191366932107673
0 0.6590723011091987 0.6111091190157455 0.00649921113023525 0.008466405303754717
0 0.5452013661698776 0.6640186396865785 0.01296876893250942 0.01691304172220205
0 0.670383940428761 0.5930642509327768 0.006422721811168073 0.012252576993612894
0 0.5193382021839469 0.5097330106195355 0.013368231453337815 0.008677623925850923
0 0.36060179280045346 0.7305957105064248 0.011515022675736937 0.009152966742252348
0 0.6909278014688461 0.6298698307404774 0.015917436626391834 0.01859090789439049
0 0.7497887272192827 0.647952184989222 0.010012492651381558 0.007961003331373647
0 0.7510013351134847 0.6346424862780002 0.010198783563269549 0.009889729515897765
0 0.7244409588159588 0.5933761142094475 0.01016641641641645 0.011469803136469817
0 0.5600813645871785 0.6824550879783438 0.008555586317214309 0.008843976867232626
0 0.3307207677227597 0.7072898880667804 0.009090621640422476 0.009354117919854998
0 0.41118843370681607 0.6581709072517896 0.0052885737628384525 0.006565126050420212
0 0.3679376264394647 0.6372597650171179 0.0038904450669156694 0.005592514783691281