0 0.24865219656886325 0.3642113095238096 0.2942620650953984 0.19035218253968253
0 0.5550044091710759 0.3193204365079365 0.4343033509700176 0.15087632275132276
0 0.6096230158730159 0.4322193287037037 0.6129850088183422 0.25266617063492064
0 0.8716793430335098 0.30226934523809523 0.07371582892416235 0.04443617724867727
0 0.7913906969662367 0.33803314491264136 0.04068174032202808 0.046926744318830635
0 0.21857790735341756 0.5159438775510206 0.22270813087139615 0.14931567865241335
0 0.4373070987654321 0.6073805390211641 0.18050044091710762 0.14209242724867732
0 0.24578373015873015 0.6288235780423281 0.053736772486772486 0.018601190476190476
0 0.7566275352733687 0.6422577711640212 0.0737158289241622 0.11987433862433855
0 0.517567791005291 0.7293216765873016 0.042024911816578456 0.016017691798941837
0 0.16207837301587302 0.6494915674603174 0.08198302469135803 0.08887235449735453
0 0.6829117063492064 0.5725033068783069 0.0640707671957672 0.04030257936507937
0 0.5161899250440918 0.5161830357142857 0.0447806437389771 0.018601190476190476
0 0.5568369708994709 0.5706948578042329 0.025490520282186922 0.016017691798941837
0 0.27644124779541446 0.5272920800264551 0.057181437389770745 0.027385085978835943
0 0.5375468474426808 0.5427930720899472 0.03375771604938277 0.02221808862433866
0 0.29920889295889297 0.592290521978022 0.06295787545787544 0.025755494505494497