0 0.7444316914338229 0.299172570293749 0.03421045706385208 0.04546613582367237
0 0.6129628410985347 0.7589398842127835 0.024220555116843602 0.0342342254536949
0 0.7758548669609088 0.6043141433197028 0.012673086753296798 0.021233806862955205
0 0.8863048612150543 0.484205100921092 0.016423023832094437 0.025493521320342737
0 0.8984142427115036 0.517111140668817 0.01112192120274734 0.02895731497799793
0 0.8440955718789509 0.8243491152660601 0.0108822635108102 0.015145535799993625
0 0.8622593499447885 0.783872137547063 0.01424296253620747 0.018238638181682486
0 0.8726465864118825 0.7200411031637909 0.013614979421142566 0.02084587662429228
0 0.777927929907521 0.6624113620587141 0.008496413195222693 0.014059053884252902
0 0.7112947902749829 0.8063533057215098 0.013951485787039343 0.017611466419367085
0 0.5169448871738948 0.5724349138707533 0.01374791451127322 0.018014772113132696
0 0.5859780824461238 0.46526693834389393 0.03396925465969558 0.035154920704560895
0 0.9299867993645795 0.9080398767475562 0.01210227746555937 0.0174874232891809
0 0.80607106170749 0.7613586605330724 0.009559054472954711 0.01638231882621698
0 0.165763119678448 0.6871977495709993 0.015667353765072754 0.024071001907228568
0 0.47913909085963996 0.9761006728441394 0.011181423123183066 0.0146358034720423
0 0.4956593916902888 0.9434722302413298 0.008360883956974699 0.011144694386967972
0 0.5155038993953972 0.9812701997585763 0.0075550156237722535 0.009399139844430806
0 0.5063875138760453 0.9772419969681061 0.010274821248330315 0.015307170603787284
0 0.5186266391865565 0.9321932624280126 0.015009297705894297 0.018395459409814675
0 0.547940099806793 0.9336702701178519 0.013599028122790114 0.020006740526002688
0 0.4995879998146503 0.8747242359506358 0.010979956039882359 0.014367256619344126
0 0.6150866161538118 0.9870771187546202 0.022133498504531026 0.024715180240900966
0 0.5559571258078317 0.9031576261774814 0.009157302949101966 0.012806595396629348
0 0.20054963511618337 0.8672993076582955 0.019839770236565628 0.026725397242946463
0 0.17889598587526612 0.9164061328318778 0.012636097696075882 0.015805078390881515
0 0.36519113216928434 0.8972534648447399 0.011918341083910981 0.01676380577376655
0 0.32501243017168263 0.8995438685405742 0.008335526893042044 0.011208358511529968
0 0.33630926267146327 0.9053429757704529 0.005922611213477228 0.009746398705678283
0 0.39756269304015235 0.7849387245752316 0.010802246867348429 0.016958733747880157
0 0.7472492493541631 0.9272669532360653 0.015139075701201184 0.015652225655938164
0 0.8054885942591847 0.6924072476272649 0.013503861434757387 0.01680997292553031
0 0.09141672634956124 0.815437622000044 0.013780440702375482 0.018886156576586526
0 0.1343107741696314 0.8156316578552828 0.011257261418841948 0.015652225655938292
0 0.09927740027133881 0.8799868831761859 0.015333166415319184 0.02302558815501659
0 0.16249279226378466 0.767661234309058 0.011638179577110866 0.01621833165077934
0 0.18302271737386244 0.457121904267184 0.010544896041079237 0.018333766213924473
0 0.36856974705549256 0.36609357463408526 0.025717302551700433 0.028841383924966255
0 0.2991050350059714 0.6065082522536891 0.01345972657526872 0.016944494676723314
0 0.31085558995263457 0.6285788125469 0.015382544657449952 0.01779883894613788
0 0.38553473667977484 0.6809673362570746 0.007710694733595475 0.010278020453260608
0 0.05266341300629875 0.39180698551557325 0.01587434011410986 0.019151939751704337
0 0.015642597922662996 0.4689553234669953 0.013672789295364692 0.019306390878734248
0 0.35861870043379795 0.5268370534057364 0.01927673683398871 0.02474338257266465
0 0.48610019350844197 0.6620199391244843 0.011063170704723924 0.01578158289276414
0 0.6031998018419689 0.14294111467405718 0.014824322397111692 0.03326713257327522
0 0.5807756685957051 0.11280059230503715 0.010508380433395708 0.02051056293991406
0 0.5353644531513881 0.07415569018044299 0.012009577638166468 0.024762752817701114
0 0.585560734685912 0.08553655132393188 0.014073723794726312 0.028014427430126523
0 0.5158521408446999 0.05287430947730162 0.012003074927502142 0.02294746150703256
0 0.44320614568837174 0.13404837701942815 0.012615896417667638 0.021602658549931243
0 0.41634957318828736 0.1831258006130038 0.022695852235735975 0.028869607909235335
0 0.5054585096031262 0.23166011784412532 0.013399106032459715 0.01942104478284847
0 0.5775201241858307 0.19847584713674704 0.010482180293501056 0.014292266177458773
0 0.5116647905887101 0.02742397464805899 0.011508713515013272 0.013029014775323049
0 0.4879711127671812 0.16679145828703368 0.018574839819980718 0.01983739303841744
0 0.40281311846197343 0.9247220651969098 0.010602205258693808 0.017900885622762434
0 0.4951383510958685 0.7871474099016066 0.01130901894260676 0.012780494998402482
0 0.5905695203824364 0.5769028772930187 0.01193657891825484 0.01397058157720106
0 0.8322697470280168 0.4201100074474862 0.015886478990804743 0.018304664997711932
0 0.510886030831378 0.8392483607657166 0.011221011013092265 0.023095551796723877
0 0.5540589186736888 0.8631371028172532 0.0087529834112472 0.011996003523209838
0 0.5814154418745965 0.954869518996313 0.00862418188953451 0.012655771453641997
0 0.5941776270935745 0.9634593968482323 0.006702211498683788 0.008933756197793442
0 0.6248377213480811 0.693116138484789 0.008914507278738465 0.011767284641386256
0 0.9289516072554098 0.5802125632927256 0.00907834089429439 0.014694111810089828
0 0.9313330506078596 0.6132623578920922 0.007303741400433491 0.012090949060988516
0 0.4535005643378547 0.4530964155201346 0.01677986816533424 0.02537133395352151
0 0.515747446409024 0.4102539944823721 0.014589359373074413 0.014857010334681328
0 0.13459958726533225 0.6953481436640657 0.009433458222302366 0.013130778098752453
0 0.105464393286717 0.6971285881520322 0.009767385946985632 0.014911222586718726
0 0.67086460312859 0.9757747708424269 0.017929805348879634 0.020178746484819484
0 0.8296225614927905 0.8914871771207069 0.021528967821225157 0.019323727229727368
0 0.08020998097333976 0.9186744687027332 0.02086055521170025 0.02719508655065468
0 0.13984609203572643 0.28367544508093734 0.01322056364241982 0.013502905413291928
0 0.7883239713860484 0.3619836385549879 0.011042296797733935 0.015572170611261068
0 0.7142685678621155 0.5708213786703926 0.008561780850416914 0.011519139904220493
0 0.6058275167106318 0.6594743311153868 0.01647070419393415 0.021090372245070155
0 0.5890974313482893 0.7128053133908304 0.01698946653075094 0.028178120294642974
0 0.2913328935381523 0.814647321148169 0.010994879527534343 0.013818227498272793
0 0.37401523661065644 0.9905326468356429 0.013754212227494702 0.016805952362764158
0 0.8157101121477711 0.658540002802298 0.035521918473572445 0.02850613365028284
0 0.8634190114442354 0.6765469724154316 0.013767501321434268 0.02326705499709158
0 0.4818952375316658 0.6247959975134703 0.015920919524683105 0.030799915112429018
0 0.2971456646456324 0.7606645078201784 0.005435194601421455 0.008102823881786436