0 0.28895938717367287 0.6726408512122797 0.030343333914762485 0.017715419501133707
0 0.26364539735186504 0.5134915699281369 0.015958566953591827 0.02011273000078967
0 0.2565537830021457 0.5595662908320338 0.010828568763077603 0.011994722322178237
0 0.2643836711846787 0.5805570548958459 0.007829888182533025 0.0073717564271720765
0 0.3154711418070197 0.641851826608506 0.016534391534391533 0.010886192899551674
0 0.3790747466594924 0.6724551049233252 0.02732378262039282 0.01240079365079365
0 0.5165343915343915 0.6443720506220506 0.006345631345631338 0.006569069069069118
0 0.39117648999195137 0.5088964097692278 0.004535618625394233 0.003834659383287765
0 0.4161289833999757 0.5362084242093783 0.00959247142453245 0.007478341209257167
0 0.14490786144104223 0.18614924993643528 0.0059024372525516705 0.005788928843848766
0 0.23674012588385676 0.16259981311586813 0.019618788731938584 0.017292849861657206
0 0.4700944097908955 0.1537222982909884 0.00686731916763863 0.0038034383082306633
0 0.43496565292783784 0.3362282412965186 0.0065303899337513325 0.008440876350540184
0 0.3232497507859827 0.24032378651943867 0.006230350433248968 0.004888428801472284
0 0.7600676072898295 0.4429563492063492 0.003674309229864852 0.003417107583774263
0 0.7589285714285714 0.42956349206349204 0.006540270429159185 0.005291005291005329
0 0.7580834803057025 0.40925374779541446 0.008818342151675434 0.005897266313932993
0 0.449080313467106 0.5355645402815213 0.004180393331336725 0.0034628631326743937
0 0.5120363678542431 0.5425767552664686 0.0034574444355219987 0.002844026874381061
0 0.5049902127440375 0.5568973938671435 0.004599274418467754 0.0032769830231583028
0 0.32726919214187733 0.5495101686507936 0.005741108171663719 0.00396136463844796
0 0.419390238154158 0.5132293544737866 0.00272504448450992 0.002043783363382496
0 0.43212720090565304 0.5145648168220248 0.002860274104583659 0.002145205578437688
0 0.3742773858514599 0.6012088477366254 0.008573388203017814 0.006981187536743008
0 0.29900910708432826 0.4954830383480826 0.005121271714192067 0.0030727630285152063
0 0.3761148436272199 0.4800089383938394 0.0052386191000052245 0.003806184189847562