0 0.6724551049233253 0.08953793381759484 0.017445184288404567 0.020457806474755626
0 0.655640469464622 0.07958927450452874 0.01240079365079365 0.010649269123845388
0 0.6168617164379876 0.0864552506501659 0.011349878934624705 0.012050488745404002
0 0.6281065039009954 0.05618890682450005 0.014502623083131543 0.008687561653663353
0 0.6710889157923056 0.15777732938749886 0.014712806026365242 0.014572684064209498
0 0.6170718993812214 0.14208366962604252 0.014292440139897843 0.015693659761456362
0 0.6431588721489852 0.3406364900008968 0.015925328072220683 0.024381221415119753
0 0.9462183884853376 0.550258945386064 0.01975719666397627 0.027183660658236942
0 0.6498604385256928 0.23610550623262488 0.012610976594027462 0.012610976594027426
0 0.3378716420979717 0.31013957307060763 0.016660018121151997 0.023566259198443115
0 0.3485535258164569 0.22587969534199812 0.008409733625250899 0.014578868757711558
0 0.39932237019101424 0.20359721101246525 0.011770244821092271 0.014292440139897769
0 0.49264359698681726 0.19869294233701015 0.011349878934624705 0.012891220518339136
0 0.46868274145816513 0.3350316115146624 0.01092951304815708 0.014292440139897769
0 0.3247074253430185 0.28052416823603266 0.009248049502286814 0.01513317191283294
0 0.9140603981705676 0.3037844139539055 0.010088781275221947 0.015693659761456362
0 0.900713781275222 0.3029355003468583 0.01029896421845576 0.03196417103976035
0 0.5314936647173488 0.10341246635106284 0.02306112503480931 0.017114545623317552
0 0.38529483430799216 0.1926947797334972 0.007396964633806752 0.011770326198638412
0 0.5035374895572263 0.46557365636313 0.0141412559175717 0.015664160401002464
0 0.5708395337301587 0.20192625661375663 0.013330853174603174 0.013640873015873016
0 0.8544146825396826 0.9090608465608465 0.060515873015873016 0.032407407407407406