0 0.19099540127577508 0.20809845225733078 0.030132769618750915 0.05284824210057856
0 0.1996875463581071 0.1673033180042526 0.013675641596202345 0.022560945458141718
0 0.32668340773809523 0.3978587962962963 0.013950892857142858 0.0248015873015873
0 0.41869290955375854 0.23194943595886988 0.02082397424378556 0.025893481082160323
0 0.25303702455825094 0.41070804632125385 0.011464884696016791 0.02277378456623742
0 0.20963424678047318 0.4266184985524608 0.010762952979934117 0.027141359688529508
0 0.1547665843066786 0.534248028351802 0.010996930218628333 0.015286512928022387
0 0.15032101677148846 0.7624538284915642 0.014740566037735858 0.026829390036937333
0 0.21204726421605008 0.8951290957546083 0.016378406708595392 0.027765298991714007
0 0.4190438754117999 0.8298392732354997 0.014506588799041615 0.027453329340121832
0 0.4871312518718179 0.7619858740141758 0.020122042527702888 0.04336378157132872
0 0.9824759366190475 0.8242628427089039 0.01754829290206655 0.023085754217829595
0 0.35519578718367734 0.5343310102524903 0.03809728358697433 0.02863688430698739
0 0.3038833660612011 0.9337669775814107 0.012528636884306974 0.02454590083456073
0 0.04091680799155026 0.6199337921846513 0.012017263950253636 0.011932035127911425
0 0.04934748813614793 0.8874024982272405 0.03835297005400098 0.05454644629902373
0 0.22231938307969237 0.5737604320078548 0.016108247422680435 0.016363933889707104
0 0.23050135002454591 0.6325683194239895 0.020199230895107192 0.018750340915289373
0 0.2235060690943044 0.6868580765639589 0.015756302521008424 0.01984126984126984
0 0.31133286647992536 0.6261671335200747 0.012838468720821658 0.020619358854652943
0 0.431741718426501 0.9393834828617437 0.023291925465838484 0.03623188405797091