0 0.3231121561577363 0.17799301033719198 0.019901560992721144 0.013433622182759
0 0.5229595606744164 0.5062247061364619 0.021700348511275468 0.014955656568609246
0 0.5413497152038179 0.5807233557770697 0.029979385974884195 0.027922314140853013
0 0.7408005261112607 0.619684551211152 0.025453621498819284 0.020417015414661396
0 0.4973453007873298 0.7505854068354069 0.027163550714275456 0.021673459173459128
0 0.5887792554459221 0.7369557057057058 0.016385433052099704 0.010054697554697522
0 0.5559607226273893 0.7338454525954526 0.023440106773440144 0.010018947518947555
0 0.5158547458271215 0.8076904104183109 0.030876377561460455 0.006714241866175612
0 0.46086190768511204 0.7980986363237743 0.021010552778508534 0.008906647373498191
0 0.263545412026075 0.1310592607208629 0.02283755736794411 0.01137310356923616
0 0.451278659611993 0.517609126984127 0.022486772486772486 0.01405423280423288
0 0.5884447409231892 0.7189787732621785 0.017817232256887458 0.007803947728516748
0 0.6120664315108759 0.42972194664902996 0.020208700764256238 0.016189925044091724
0 0.4970125997668371 0.5832324455205811 0.013171464442650847 0.014292440139897843
0 0.33236929423370104 0.6075085754640839 0.01233073266971575 0.009037866559053002
0 0.5038785759124742 0.3776735270379338 0.015693659761456362 0.013872074253430164
0 0.4420979644614296 0.37625479217110575 0.01818950736088213 0.011875336292709234
0 0.7608622545063223 0.3217648641377454 0.019056586853197124 0.014712806026365354
0 0.49196820912922606 0.22140250874361037 0.01597390368576811 0.011560061877858489
0 0.4713023779115733 0.7475169905126802 0.017104542966611912 0.013256020799124217
0 0.317821279529026 0.7483215263805052 0.008965832029212317 0.0054144310306281935
0 0.3433215030926298 0.7913749860272746 0.014322043371339134 0.005763749161636449
0 0.2633276510917356 0.7266201374916162 0.010130225799239874 0.007597669349429962
0 0.3579346449064759 0.6096422283702212 0.013041210224308824 0.008383635144198482
0 0.3923424808107907 0.5423111586183769 0.01478780087935018 0.007859657947686097
0 0.5139634100901708 0.5966737927565392 0.011876816454281229 0.008470964676950602
0 0.47464726631393295 0.1564566798941799 0.01515652557319229 0.01240079365079365
0 0.7303791887125222 0.14684606481481483 0.01295194003527332 0.01095403439153441
0 0.28694255479969766 0.15412414965986393 0.01700680272108848 0.012046485260770972
0 0.44212962962962965 0.4737103174603174 0.01464474678760391 0.012046485260770942
0 0.44449168556311414 0.458297902494331 0.011810279667422546 0.011692176870748291
0 0.478505291005291 0.6374007936507935 0.01464474678760391 0.00992063492063492
0 0.4945672713529856 0.6901927437641723 0.014644746787603984 0.012046485260770942
0 0.5054635380722338 0.7335662525879916 0.02012882447665055 0.008842305037957217
0 0.4895042558086037 0.8040890269151139 0.011789740050609622 0.0071169772256728684
0 0.4890729238555326 0.7961093857832987 0.012652403956751816 0.00625431331953075
0 0.6365884518058431 0.5160671152518979 0.023004370830457758 0.013802622498274677
0 0.629399585921325 0.373404071773637 0.02012882447665055 0.011430296756383683
0 0.27153784219001614 0.1901958247066943 0.017540832758224042 0.012077294685990328
0 0.19921785139176446 0.1760697032436163 0.018978605935127686 0.0118616287094548
0 0.7025462962962963 0.46056547619047616 0.012235449735449735 0.011904761904761904
0 0.6813822751322751 0.4469246031746032 0.012235449735449735 0.009424603174603174
0 0.23346560846560846 0.4712301587301587 0.01455026455026455 0.011408730158730158
0 0.2779431216931217 0.4646577380952381 0.012896825396825396 0.007688492063492063
0 0.34854497354497355 0.4568452380952381 0.011243386243386243 0.007936507936507936
0 0.32919973544973546 0.47259424603174605 0.01025132275132275 0.008680555555555556
0 0.36177248677248675 0.3107638888888889 0.013888888888888888 0.010416666666666666
0 0.4148478835978836 0.34561011904761907 0.014219576719576719 0.011656746031746032
0 0.6782407407407407 0.24950396825396826 0.01455026455026455 0.00992063492063492
0 0.6355820105820106 0.21937003968253968 0.013888888888888888 0.01066468253968254
0 0.5866402116402116 0.7537202380952381 0.013227513227513227 0.007936507936507936
0 0.5331596313739171 0.7670776643990931 0.011810279667422546 0.005450898308041132
0 0.5706799813942671 0.8074143118785976 0.013445549159834935 0.005450898308041132
0 0.6297313797313797 0.7830215419501133 0.023983952555381147 0.005723443223443284
0 0.6485369788941218 0.6211979984301412 0.017624571195999767 0.007222440258154559
0 0.3741750973893831 0.5957150488400489 0.011083493226350365 0.007494985173556599
0 0.31448776091633235 0.5873342926914356 0.010901796616082338 0.007903802546659714
0 0.6528976975405547 0.24685755712541427 0.015080818652247247 0.0107655241583813
0 0.387599685606932 0.5798718944099379 0.028036576949620376 0.01240079365079365
0 0.2605226563559897 0.5082671957671957 0.013142721476054803 0.008797144213810875
0 0.2370636051191607 0.4986751288834622 0.008055216388549724 0.00593542260208929
0 0.3212194184416407 0.40678206824040164 0.013001401890290799 0.010386989553656257
0 0.8429006692895582 0.37821784696784694 0.012012164789942508 0.009645061728395068
0 0.44515669515669515 0.2983546160629494 0.012153484375706588 0.006995319495319488
0 0.9877532446976891 0.32066544566544564 0.009468412246189988 0.01240079365079365
0 0.6425801564690454 0.3492296669380003 0.011305566861122414 0.010175010175010196
0 0.5264154569710126 0.43073573802740467 0.014131958576403017 0.011022927689594387
0 0.49235743680188127 0.4200307794057794 0.012153484375706588 0.010810948310948325
0 0.677839393117171 0.5942248338081673 0.010316329760774236 0.006889329805996485
0 0.781073350517795 0.4198188000271334 0.014697236919459108 0.01081094831094827
0 0.40820162347940125 0.4161621557454891 0.009468412246189988 0.007101309184642491
0 0.3614955003843893 0.7832044498711165 0.02261113372224483 0.010069020485687136