0 0.5345914277817262 0.09311906078075231 0.021346639816789165 0.028955750348785173
0 0.3776997946774066 0.052729079470372996 0.02418463239358764 0.023855589775987788
0 0.2771359475632639 0.3412529370995825 0.015609944723363262 0.015002451104687566
0 0.14122527030135726 0.521758300743808 0.021063377041637927 0.024058737826853756
0 0.17393461007591443 0.5556897477187333 0.018187830687830697 0.022525113104823247
0 0.02699419139636531 0.503067249444061 0.015743616287094548 0.016774020397208753
0 0.03450655624568668 0.5633578713288858 0.015527950310559008 0.017732535848477848
0 0.04018576029445595 0.709176492564595 0.015240395675178285 0.037421111949254945
0 0.06785950652613525 0.7995116137947538 0.04118730857292205 0.08555252243126887
0 0.10686249137336093 0.8470784449045319 0.017900276052449978 0.023867034736599877
0 0.03741804692891649 0.8032742887815354 0.01387451115711985 0.03536922015182887
0 0.26902730470402275 0.816712443509428 0.02405069866500443 0.0331066598890347
0 0.48916637911203126 0.8548424200598115 0.011574074074074037 0.018691051299746866
0 0.6531803542673108 0.8428130511463846 0.017828387393604785 0.025113104823249677
0 0.5417169887278582 0.8665363085652942 0.012005406027145095 0.022333410014569444
0 0.5574606050149529 0.7933536538609004 0.010998964803312625 0.01629476267157424
0 0.5648651368760065 0.7753814891496051 0.01214918334483545 0.018115942028985456
0 0.7725874166091558 0.7831454643048846 0.019122383252818075 0.027701096541676105
0 0.8370715435932827 0.7848228663446055 0.02242926155969631 0.0381489149605091
0 0.8632030710835057 0.7613871635610767 0.026814469749252355 0.05319760754543354
0 0.7497627674258109 0.6522601794340924 0.01617494824016567 0.02166244919868113
0 0.6484769330437489 0.7231783625909574 0.023949495257040005 0.03317837616285748
0 0.48762077294685985 0.757505175983437 0.021854152288934895 0.01610305958132044
0 0.5082528180354268 0.8021240702400124 0.0092017483321831 0.01984126984126984
0 0.7634935012652403 0.47613296526340004 0.016462502875546375 0.01543209876543205
0 0.35519073220686126 0.8983366046538089 0.014400921658986161 0.03057973488081001
0 0.7285673514062436 0.7815225621510045 0.023462380982270895 0.028272914384450468
0 0.01632241215574549 0.7067392484059151 0.03264482431149098 0.044939628272961496
0 0.3271508345606284 0.5175094092619865 0.021733349697267246 0.024545900834560656