0 0.39955721723152304 0.1991671770790799 0.025839628419763155 0.025733292500340264
0 0.517510335851368 0.31571134476657137 0.012919814209881577 0.019353137334966634
0 0.4213294967333605 0.41311504695794204 0.016109891792568373 0.020629168368041368
0 0.30026605247039606 0.6424816251531237 0.022809054716210694 0.02169252756227028
0 0.2698805634953042 0.6191940587995101 0.015631380155165363 0.024457261467265606
0 0.24603473356472028 0.5345506669388865 0.016428899550837074 0.0202038246903498
0 0.39860019395671703 0.6252552062066149 0.021373519804001605 0.023393902273036615
0 0.37299982135565535 0.6784231659180618 0.024723101265822795 0.022543214917653487
0 0.5374483207431604 0.534125323261195 0.009410728868926166 0.019353137334966672
0 0.35122754185381794 0.1699247992377841 0.01722641894650879 0.017013747107662985
0 0.35473662719477334 0.1498273104668572 0.04019497754185376 0.029986729277256027
0 0.4714137147815435 0.25307948822648696 0.014514853001225004 0.012334966653055656
0 0.1918034146590445 0.5042449299033619 0.010686759902000803 0.012334966653055694
0 0.5304301500612494 0.3556936504695794 0.015790884034299756 0.019353137334966672
0 0.47691148334652533 0.20239693654408636 0.017170329670329644 0.014400921658986186
0 0.5249246721020914 0.4523366418527709 0.013570099255583118 0.024370790499822777
0 0.12848391527827013 0.1833348103509394 0.01606256646579228 0.0217860096892355
0 0.334351534244798 0.0716781680965741 0.021324441687344948 0.025847808105872557
0 0.030638947193990282 0.7970107895124467 0.014672171895713657 0.033141847105612146
0 0.6699141073795848 0.34395713654441007 0.010011599646486938 0.013118647812638119