0 0.5377394153225806 0.39352318548387094 0.04914314516129032 0.05628360215053763
0 0.6755607358870968 0.3815524193548387 0.02551663306451613 0.04074260752688172
0 0.7798967258904569 0.6400439628136201 0.024127919186827995 0.037732414874552
0 0.5974593623991935 0.8132700492831543 0.03727738575268825 0.04480286738351259
0 0.8050445228494625 0.695925039202509 0.019820018481182835 0.029576892921146927
0 0.740550843529848 0.6687600420219997 0.019408138672599166 0.0189253491533803
0 0.7945749907304412 0.8614896180941787 0.016801075268817165 0.042871709306636974
0 0.8174592139414164 0.8536684278828329 0.006952169076752037 0.013324990730441204
0 0.7546000185391176 0.9320734458039798 0.011007601038190526 0.01564238042269192
0 0.6778364849833148 0.5112741008527995 0.027229328883945164 0.029160486960820596
0 0.48972636951467596 0.25820074106364427 0.021341906422551595 0.02240143369175626
0 0.5152685447544318 0.20106194904582 0.015665867480383587 0.018011963576479696
0 0.3908497711421099 0.28075353579385837 0.013849535018889851 0.015136103845781275
0 0.4918094758064516 0.8214045698924731 0.014868951612903226 0.02049731182795699
0 0.4505371328839673 0.2877714920023539 0.024700088268335745 0.02089685978708606
0 0.4018265527202696 0.23895642753972085 0.022067083935162886 0.012203766115658269